---
id: 1
namn: Brännsågen-Åbyggeby
klass: 2
langd: 6 km
fallhojd: 28 m
koordinater: 60.75627, 17.03825
smhi: 12020
flode:
  min: 20
  opt: 30
  max: 100
