---
id: 3
namn: Vävaren
klass: 3+
langd: 350 m
fallhojd: 12 m
koordinater: 60.69801, 17.15803
smhi: 12020
flode:
  min: 20
  opt: 25
  max: 30

